1961;26.9;25.4;26;25.9;26.1;25.7;25.3;25.2;25.5;25.9;26.3;26.5;26.3;26;25.4;25.9;25.9
1962;26.7;26.8;25.9;25.8;26.1;25.8;25.7;25.6;25.7;26.4;26.6;27.1;26.7;25.9;25.7;26.2;26.1
1963;999.9;999.9;999.9;999.9;999.9;999.9;999.9;999.9;999.9;999.9;999.9;26.9;999.9;999.9;999.9;999.9;999.9
1964;26.7;26.3;26.3;25.9;26;25.8;25.3;25.6;25.3;26.2;26.6;26.8;26.6;26.1;25.6;26;26.1
1965;26.2;27.3;26.8;25.5;25.7;25.1;25.1;25.3;25.7;26.4;26.7;27.2;26.7;26;25.1;26.3;26
1966;27.6;27.2;26.9;26.4;26.3;25.7;25.3;25.6;25.9;26.8;27.1;27.8;27.4;26.5;25.5;26.6;26.5
1967;27.8;25.9;25.4;25.3;25.6;25.2;24.8;25.1;25.8;26.3;26.2;26.4;27.2;25.4;25;26.1;25.9
1968;26.7;26.2;25.1;25.6;25.1;25.3;25.2;26;26.5;27.1;27.4;27.3;26.5;25.2;25.5;27;26.1
1969;27.2;27.7;26.7;26.4;26.5;25.8;25.4;25.6;26.2;26.7;27.2;27.4;27.4;26.6;25.6;26.7;26.6
1970;27.5;27.4;26.5;26.3;26.5;25.9;26;26.1;26.8;27;26.9;27.4;27.4;26.4;26;26.9;26.7
1971;26.5;26.5;26.2;26;25.7;25.4;25.2;25.5;26.4;26.7;27;27;26.8;26;25.4;26.7;26.2
1972;27.1;26.9;26.5;26.3;26.1;25.7;25.8;26;26.7;27.3;27.7;28.1;27;26.3;25.9;27.3;26.6
1973;27.8;27.3;999.9;999.9;999.9;999.9;999.9;999.9;999.9;999.9;999.9;999.9;27.7;999.9;999.9;999.9;999.9
1974;999.9;999.9;999.9;999.9;999.9;999.9;999.9;999.9;999.9;999.9;999.9;999.9;999.9;999.9;999.9;999.9;999.9
1975;999.9;999.9;999.9;999.9;25.6;25.7;25.3;26.2;26.6;27.3;27.3;26.5;999.9;999.9;25.8;27.1;999.9
1976;27;25.6;25.7;26;26.4;25.7;25.7;26.1;26.4;26.6;26.9;27.4;26.4;26;25.8;26.6;26.2
1977;26.3;26.1;26.2;26.2;26.2;25.4;25.2;25.6;26.5;27.2;27.7;27.9;26.6;26.2;25.4;27.1;26.3
1978;27.3;27.2;26.4;26.3;26.3;25.6;25.5;25.7;26.2;26.8;27.1;26.9;27.4;26.3;25.6;26.7;26.5
1979;27.4;27.1;999.9;999.9;999.9;999.9;26.2;26.6;26.8;999.9;27.2;27.7;27.1;999.9;26.4;27;26.8
1980;27.4;26.3;26.4;27.6;27.6;26.7;26.3;26.8;26.8;27.3;27.3;27.4;27.1;27.2;26.6;27.1;27
1981;27.2;999.9;999.9;27.1;26.9;26.5;26.6;26.6;999.9;999.9;27.9;27.8;27.2;27;26.6;999.9;27
1982;27.1;26.9;26.6;26.5;999.9;999.9;25.6;26.1;26.5;26.7;999.9;999.9;27.3;26.6;25.9;26.8;26.6
1983;28.2;27.7;27.2;27.3;27.3;26.6;999.9;999.9;999.9;999.9;999.9;999.9;28.1;27.3;999.9;999.9;999.9
1984;999.9;999.9;999.9;999.9;999.9;999.9;999.9;999.9;999.9;999.9;999.9;999.9;999.9;999.9;999.9;999.9;999.9
1985;999.9;999.9;999.9;999.9;999.9;999.9;999.9;999.9;999.9;999.9;999.9;999.9;999.9;999.9;999.9;999.9;999.9
1986;999.9;999.9;999.9;999.9;999.9;999.9;999.9;999.9;999.9;999.9;999.9;999.9;999.9;999.9;999.9;999.9;999.9
1987;999.9;999.9;999.9;999.9;26.9;26.7;26;999.9;27.4;26.4;28.1;28.5;999.9;999.9;26.4;27.3;999.9
1988;27.8;27.6;27.4;27.1;26.3;26.4;26.2;26.6;26.8;27.6;999.9;27.3;28;26.9;26.4;27.4;27.2
1989;27.1;27.5;26.8;26.3;26.6;26.3;999.9;26.4;999.9;27.5;28;27.7;27.3;26.6;26.3;27.6;26.9
1990;27.8;27.4;27.3;27.5;999.9;26.9;26.4;27;27.1;27.5;28.1;27.8;27.6;27.4;26.8;27.6;27.3
1991;28.1;27.4;26.7;26.9;27;26.8;26.4;26.5;27.1;27.1;27.5;27.9;27.8;26.9;26.6;27.2;27.1
1992;27.9;27.4;26.9;27.1;26.9;26.4;26.1;26.4;26.9;27.2;27.6;27.9;27.7;27;26.3;27.2;27.1
1993;27.7;28.2;27.5;27.6;27.7;999.9;26.5;26.8;27.4;28.1;28.6;999.9;27.9;27.6;26.6;28;27.5
1994;27.7;27.3;27;26.7;27.1;26.3;26.1;27.1;27.2;27.5;27.9;28.1;27.6;26.9;26.5;27.5;27.1
1995;27.7;999.9;27.4;26.8;27.1;26.9;26.2;26.9;27.3;27.6;28;28.4;27.8;27.1;26.7;27.7;27.3
1996;27.9;27.6;26.9;27;27.1;27;27;27;27.6;27.8;28.1;28.5;28;27;27;27.8;27.4
1997;28.6;27.8;27.6;26.9;26.5;26.7;26.7;26.9;27.3;27.9;28.2;28.2;28.3;27;26.8;27.8;27.5
1998;28.1;28.7;28.1;28.4;28.1;27.3;27.4;27.2;27.9;28.5;28.6;28.5;28.3;28.2;27.3;28.4;28
1999;28.2;28.1;26.9;26.9;26.6;26.8;999.9;999.9;999.9;999.9;999.9;999.9;28.3;26.8;999.9;999.9;999.9
2000;999.9;999.9;999.9;999.9;999.9;999.9;999.9;999.9;999.9;999.9;999.9;999.9;999.9;999.9;999.9;999.9;999.9
2001;999.9;999.9;999.9;26.4;27.4;26.7;26.5;26.7;27.4;27.9;28.3;28.7;999.9;26.9;26.6;27.9;27.3
2002;27.1;27.4;27.1;26.8;27.1;26.5;26.3;26.7;27;27.6;27.7;28.6;27.8;27;26.5;27.4;27.2
2003;27.8;27;26.7;27;27.2;26.7;26.8;26.9;27.6;28.2;28.3;28.5;27.8;27;26.8;28;27.4
2004;27.4;27;27.3;27.5;27.6;26.4;26.5;27;27.4;27.9;28.2;28.3;27.6;27.5;26.6;27.8;27.4
2005;28.8;28.9;28.3;28.1;27.2;26.5;26.7;27;27.5;27.9;28.6;28.6;28.7;27.9;26.7;28;27.8
2006;28.5;28.1;27.6;26.9;27.1;26.4;26.6;27.2;27.9;28.3;28.4;28.8;28.4;27.2;26.7;28.2;27.6
2007;29;27.6;27.4;27.5;27.6;26.9;27;27;27.5;27.8;28.3;28.1;28.4;27.5;27;27.9;27.7
2008;27.4;28;26.9;26.8;26.9;26.5;999.9;999.9;999.9;999.9;999.9;999.9;27.9;26.9;999.9;999.9;999.9
2009;999.9;999.9;999.9;999.9;999.9;999.9;999.9;999.9;999.9;999.9;999.9;999.9;999.9;999.9;999.9;999.9;999.9
2010;28.1;28.9;28.6;28.2;28;27.6;27.4;27.4;27.6;28.4;28.7;28.3;28.6;28.3;27.4;28.2;28.1
2011;26.9;27.2;27.2;26.7;27.2;26.8;26.5;26.9;27.3;27.8;27.8;28.3;27.4;27.1;26.7;27.6;27.2
2012;28.4;27.3;27.2;27.8;27.6;27.1;27.1;27.2;27.6;27.9;28.3;28.8;28;27.5;27.2;27.9;27.6
2013;28.6;28.9;28.9;28;27.8;27;26.9;27.6;27.9;28.3;28.4;28.6;28.8;28.2;27.1;28.2;28.1
2014;28;27.3;27.4;27.1;27.1;27.2;26.8;27.1;27.5;28.1;28.1;28.2;27.9;27.2;27.1;27.9;27.5
2015;27.9;28.1;27.1;27.3;27.9;27;26.6;999.9;999.9;999.9;999.9;999.9;28.1;27.5;26.9;999.9;27.6
2016;27.8;27.8;28.2;27.6;27.7;27.8;27.8;27.8;28.1;28.8;29.1;28.9;27.9;27.9;27.8;28.7;28.1
2017;28.1;27.9;27.1;27.6;28;27.9;27.4;27.6;27.9;28.4;28.4;28.8;28.3;27.6;27.6;28.2;27.9
2018;28;27.2;27.9;27.5;27.6;27.2;26.9;27.6;28;28.5;29.1;28.2;28;27.7;27.2;28.5;27.9
2019;27.9;27.8;27.1;27.2;27.8;27.2;27;27.2;27.9;28.2;999.9;999.9;28;27.4;27.1;28.2;27.7
